%% ID compute
% D = [10, 13, 25, 18, 10, 13, 21, 13, 18, 21, 18, 21, 25, 23, 10, 23, 25, 23];
% W = [1, 1.5, 2, 1, 2, 1, 2, 2,1.5,1,2,1.5,1,1,1.5,1.5,1.5,2];

% D = [2.2, 1.2, 3.1, 1.2, 2.2, 3.1, 2.2, 1.2, 3.1];
% W = [0.6, 0.8, 1.0, 0.6, 1.0, 0.6, 0.8, 1.0, 0.8];

% D = [1.2, 1.2, 1.2, 2.2, 2.2, 2.2, 3.1, 3.1, 3.1];
% W = [0.6, 0.8, 1.0, 0.6, 0.8, 1.0, 0.6, 0.8, 1.0];

D = [1.8, 1.8, 1.8, 3.1, 3.1, 3.1];
W = [0.1, 0.2, 0.3, 0.1, 0.2, 0.3];
% D1 = D';
% W1 = W';
ID = log2(2*D./W)