% % target pressure range
D = [18,10,25,10,18,25,18,10,25];
d1 = 0.15;
d2 = [1, 1.5, 2, 1, 2, 1, 1.5, 2, 1.5];
D1 = D-d1-(d2)/2;
D2 = D+(d2)/2;

F1 = 0.125*D1
F2 = 0.125*D2

F_1 = F1';
F_2 = F2';